logL = -54714.098976 (converged)
AIC = 157770.197952
BIC = 174884.479363

count.K
7 8 

