logL = -63308.884067 (not converged)
AIC = 150773.768133
BIC = 159325.598462

count.K
15 

