logL = -62851.357908 (converged)
AIC = 181236.715815
BIC = 200897.145749

count.K
7 8 

